ISS (ZARYA)             
1 25544U 98067A   21229.39494074  .00001506  00000-0  35572-4 0  9994
2 25544  51.6449  40.0350 0001355 317.8430 119.2973 15.48911936298089
KESTREL EYE IIM (KE2M)  
1 42982U 98067NE  21229.42774724  .00375520  11866-4  18513-3 0  9997
2 42982  51.6121 223.2855 0006309  35.1034 325.0399 16.20301378218568
AEROCUBE 12A            
1 43556U 18046C   21228.41679140  .00001786  00000-0  68493-4 0  9995
2 43556  51.6389 220.4078 0008057  23.1721 336.9622 15.32119901172470
AEROCUBE 12B            
1 43557U 18046D   21228.47094415  .00001992  00000-0  76483-4 0  9995
2 43557  51.6405 222.2297 0008125  21.9402 338.1926 15.31472990172404
LEMUR-2-VU              
1 43558U 18046E   21229.33231308  .00003958  00000-0  12771-3 0  9999
2 43558  51.6393 207.2425 0007460  32.2481 327.8956 15.34505126172724
LEMUR-2-ALEXANDER       
1 43559U 18046F   21228.65674515  .00003488  00000-0  11302-3 0  9992
2 43559  51.6389 209.5053 0007443  29.9615 330.1792 15.34758038172418
LEMUR-2-YUASA           
1 43560U 18046G   21229.36769130  .00003605  00000-0  11751-3 0  9990
2 43560  51.6388 207.4758 0007745  44.2162 315.9438 15.34459136172729
LEMUR-2-TOMHENDERSON    
1 43561U 18046H   21228.87585909  .00004346  00000-0  14089-3 0  9996
2 43561  51.6396 210.9207 0007696  37.9165 322.2358 15.34098361172196
1998-067PN              
1 43638U 98067PN  21229.40262755  .00111952  16127-4  28437-3 0  9998
2 43638  51.6264 284.7241 0005417   2.7738 357.3299 15.95277251163756
ISS DEB (SEDA-AP)       
1 43870U 98067PU  21228.77955435  .00007865  00000-0  89422-4 0  9997
2 43870  51.6362 346.4008 0003044 195.6941 164.3959 15.63365515151068
UNITE                   
1 44031U 98067PX  21228.65221820  .00070428  00000-0  28452-3 0  9998
2 44031  51.6382 312.3828 0003244 337.3876  22.6984 15.85675521145204
ISS DEB                 
1 44303U 98067QA  21228.87465719  .00009911  00000-0  12382-3 0  9995
2 44303  51.6395   9.0150 0004707 111.1350 249.0146 15.60534091126043
ISS DEB                 
1 44306U 98067QD  21228.99650432  .00010540  00000-0  12723-3 0  9998
2 44306  51.6378   7.4623 0005738 110.0510 250.1102 15.61356950126081
RAAVANA-1               
1 44329U 98067QE  21228.56592270  .00104033  00000-0  39638-3 0  9996
2 44329  51.6332 332.8729 0002705 332.6271  27.4590 15.86732525123676
UGUISU                  
1 44330U 98067QF  21229.47665245  .00087884  00000-0  35221-3 0  9990
2 44330  51.6285 329.0799 0002269 338.2247  21.8660 15.85759103123788
NEPALISAT-1             
1 44331U 98067QG  21228.69324640  .00102750  00000-0  39536-3 0  9998
2 44331  51.6303 332.1091 0002597 334.1460  25.9415 15.86536107123686
SPOOQY-1                
1 44332U 98067QH  21228.76415043  .00093923  00000-0  39660-3 0  9994
2 44332  51.6319 333.3966 0002163 329.4525  30.6352 15.84647099123635
RED-EYE 1 (PINOT)       
1 44364U 98067QJ  21228.83993012  .00009980  00000-0  12483-3 0  9998
2 44364  51.6399  10.2746 0006053 108.8263 251.3387 15.60489066121613
KRAKSAT                 
1 44427U 98067QM  21229.40765381  .00027251  00000-0  22052-3 0  9992
2 44427  51.6395 349.8056 0002109  83.0318  23.7211 15.70589681121046
VCC A                   
1 44428U 98067QN  21228.75414513  .00077050  00000-0  36476-3 0  9995
2 44428  51.6342 338.0023 0002114 346.4051  13.6894 15.82302146121147
ENTRYSAT                
1 44429U 98067QP  21222.50999637  .13114982  12639-4  26452-3 0  9996
2 44429  51.6073 351.2662 0008582 295.0172  64.9966 16.46454560120409
VCC B                   
1 44431U 98067QR  21229.30353486  .00080483  00000-0  35759-3 0  9999
2 44431  51.6297 334.0376 0003043 350.3970   9.6975 15.83633697121181
RWASAT-1                
1 44790U 98067QV  21229.49814757  .00009923  00000-0  11951-3 0  9998
2 44790  51.6395  12.1287 0006208 164.0535 304.7938 15.61492875 98982
AQT-D                   
1 44791U 98067QW  21229.37431748  .00013580  00000-0  15971-3 0  9991
2 44791  51.6390  13.1326 0005332 133.2610 226.8830 15.61747262 98968
NARSSCUBE-1             
1 44792U 98067QX  21229.43318780  .00036130  00000-0  29055-3 0  9993
2 44792  51.6357   0.6273 0001963 170.6126 189.4909 15.70586711 99138
STPSAT-4                
1 45043U 98067QY  21228.87406547  .00007536  00000-0  11671-3 0  9992
2 45043  51.6412  32.2176 0005132 137.8462 222.2925 15.55124311 87906
HARP                    
1 45256U 98067QZ  21228.79251687  .00016935  00000-0  20531-3 0  9990
2 45256  51.6427  22.7584 0005560 135.6334 224.5106 15.60744945 84690
1998-067RA              
1 45257U 98067RA  21228.82405028  .00013765  00000-0  17744-3 0  9995
2 45257  51.6386  24.3842 0006327 138.7949 221.3522 15.59307855 84676
PHOENIX                 
1 45258U 98067RB  21228.81734857  .00010266  00000-0  14136-3 0  9995
2 45258  51.6399  26.5827 0005392 118.7834 241.3700 15.57880939 84611
1998-067RC              
1 45259U 98067RC  21228.82132200  .00026247  00000-0  27150-3 0  9997
2 45259  51.6386  17.6104 0004521 142.1059 218.0255 15.64533917 84761
CRYOCUBE                
1 45260U 98067RD  21228.89833114  .00049342  00000-0  42005-3 0  9995
2 45260  51.6367  14.3497 0003348 153.4773 206.6395 15.69062610 84822
AZTECHSAT-1             
1 45261U 98067RE  21229.42831419  .00038403  00000-0  31973-3 0  9990
2 45261  51.6357   8.1039 0003379 152.7756 207.3419 15.69716892 84937
RADSAT-U                
1 45262U 98067RF  21228.88871029  .00014438  00000-0  18257-3 0  9993
2 45262  51.6420  23.3951 0005091 172.7432 187.3635 15.59778044 84705
QARMAN                  
1 45263U 98067RG  21228.81621412  .00026865  00000-0  27858-3 0  9990
2 45263  51.6384  18.3205 0004544 137.9375 222.1970 15.64457577 84781
SORTIE                  
1 45264U 98067RH  21228.66536217  .00007920  00000-0  11912-3 0  9997
2 45264  51.6423  30.8717 0006904 138.4885 221.6632 15.55845410 84570
ICS-EF (ISS DEB)        
1 45265U 98067RJ  21228.84404103  .00004050  00000-0  71221-4 0  9997
2 45265  51.6418  35.7545 0005362 136.4203 223.7211 15.52973869 84200
G-SAT                   
1 45597U 98067RK  21229.05986126  .00012914  00000-0  16528-3 0  9995
2 45597  51.6404  24.4868 0003532 196.2827 163.8053 15.59575957 74063
QUETZAL-1               
1 45598U 98067RL  21228.81458038  .00021624  00000-0  24742-3 0  9990
2 45598  51.6399  23.5929 0001631 228.8917 131.1936 15.62078637 73980
RED-EYE 2 (MERLOT)      
1 45800U 98067RM  21228.87790077  .00005973  00000-0  97308-4 0  9992
2 45800  51.6426  34.5203 0001395 141.2461 218.8630 15.54150645 66081
RED-EYE 3 (CABERNET)    
1 45809U 98067RN  21228.74954932  .00005989  00000-0  97535-4 0  9998
2 45809  51.6424  35.1633 0001631 131.7544 228.3586 15.54153838 65049
DEMI                    
1 45916U 98067RP  21228.87073189  .00019916  00000-0  24030-3 0  9991
2 45916  51.6410  26.2390 0002163  81.1390 278.9849 15.60752057 62160
SPOC                    
1 46921U 98067RR  21229.06257613  .00010167  00000-0  15252-3 0  9991
2 46921  51.6426  33.5270 0001533 309.0683  51.0171 15.55559307 44287
BOBCAT-1                
1 46922U 98067RS  21228.74338686  .00016481  00000-0  22308-3 0  9991
2 46922  51.6430  32.9218 0001411 312.7587  47.3286 15.57849059 44235
NEUTRON-1               
1 46923U 98067RT  21229.46859530  .00009695  00000-0  14641-3 0  9998
2 46923  51.6423  31.7355 0001586 329.4583  30.6316 15.55439633 44376
1998-067RU              
1 46924U 98067RU  21228.85714920  .00035256  00000-0  37951-3 0  9995
2 46924  51.6393  27.6298 0001544 338.4896  21.6033 15.63365951 44358
LEMUR-2-BAXTER-OLIVER   
1 46925U 98067RV  21228.76453614  .00039106  00000-0  39927-3 0  9999
2 46925  51.6425  27.0642 0001415   0.0716   0.0280 15.64660937 44316
LEMUR-2-DJARA           
1 46926U 98067RW  21229.05224485  .00031298  00000-0  34041-3 0  9991
2 46926  51.6427  26.7384 0001461 349.9593  10.1373 15.63162223 44350
DESCENT                 
1 46927U 98067RX  21229.47401546  .00009529  00000-0  14402-3 0  9994
2 46927  51.6422  31.7680 0001810 352.6400   7.4565 15.55440493 44280
ISS DEB                 
1 47853U 98067RZ  21229.39114918  .00001359  00000-0  32030-4 0  9999
2 47853  51.6454  39.4420 0002331 326.3965  33.6875 15.49755274 24714
RSP-01                  
1 47925U 98067SB  21228.75883072  .00011241  00000-0  18533-3 0  9994
2 47925  51.6432  40.4795 0001692 253.8142 106.2662 15.52812236 24141
TAUSAT-1                
1 47926U 98067SC  21228.76831657  .00011096  00000-0  17774-3 0  9992
2 47926  51.6422  39.7897 0002783 255.1039 104.9643 15.53634198 24141
TSURU                   
1 47927U 98067SD  21228.77186208  .00009539  00000-0  16004-3 0  9993
2 47927  51.6433  40.5662 0001711 251.4588 108.6216 15.52528144 24141
STARS-EC                
1 47928U 98067SE  21229.46168749  .00013171  00000-0  21256-3 0  9993
2 47928  51.6426  36.9160 0004993 338.7135  21.3647 15.53230307 24239
MMSATS-1                
1 47976U 98067SJ  21228.97844794  .00003111  00000-0  61805-4 0  9990
2 47976  51.6482  41.1652 0001928 325.6035  34.4833 15.50310422 22938
SOYUZ-MS 18             
1 48159U 21029A   21228.55585023  .00001152  00000-0  29117-4 0  9992
2 48159  51.6440  44.1836 0001271 311.5223 123.6955 15.48907167297954
CREW DRAGON 2           
1 48209U 21030A   21228.55585023  .00001152  00000-0  29117-4 0  9990
2 48209  51.6440  44.1836 0001271 311.5223 123.6955 15.48907167297950
TIANHE                  
1 48274U 21035A   21229.54893997  .00004493  00000-0  51779-4 0  9999
2 48274  41.4698 268.6558 0007173  28.2320 126.8845 15.63013069 17291
TIANZHOU-2              
1 48803U 21046A   21228.52450712  .00004398  00000-0  50781-4 0  9996
2 48803  41.4702 274.9102 0007434  21.0874 122.1795 15.63002705 17136
RAMSAT                  
1 48850U 98067SL  21228.75278196  .00006793  00000-0  12501-3 0  9992
2 48850  51.6430  42.6648 0004105  10.0014 350.1056 15.50432077  9869
SOAR                    
1 48851U 98067SM  21229.49648423  .00019423  00000-0  32440-3 0  9997
2 48851  51.6407  38.6281 0003436 356.2401   3.8563 15.51939760 10020
SHENZHOU-12             
1 48852U 21053A   21228.52450712  .00004398  00000-0  50781-4 0  9998
2 48852  41.4702 274.9102 0007434  21.0874 122.1795 15.63002705 17130
BD-28                   
1 48867U 98067SN  21228.94458000  .00007605  00000-0  13808-3 0  9999
2 48867  51.6429  41.6976 0003089  46.4626 313.6620 15.50620586  8640
MIR-SAT 1               
1 48868U 98067SP  21228.75181094  .00014259  00000-0  24916-3 0  9990
2 48868  51.6428  42.6591 0002462   6.2214 353.8806 15.50922034  8640
PROGRESS-MS 17          
1 48869U 21057A   21228.55585023  .00001152  00000-0  29117-4 0  9991
2 48869  51.6440  44.1836 0001271 311.5223 123.6955 15.48907167297952
ISS (NAUKA)             
1 49044U 21066A   21228.55585023  .00001152  00000-0  29117-4 0  9997
2 49044  51.6440  44.1836 0001271 311.5223 123.6955 15.48907167297958
CYGNUS NG-16            
1 49064U 21072A   21228.55585023  .00001152  00000-0  29117-4 0  9996
2 49064  51.6440  44.1836 0001271 311.5223 123.6955 15.48907167297950
ANTARES R/B             
1 49065U 21072B   21229.52045484  .04023655  12019-4  47000-3 0  9990
2 49065  51.5958  36.3648 0041888 176.6256 254.6055 16.32708489  1063
